ele(10)%x0 =    1.36906840E-02   9.99812782E-02
ele(10)%area =    2.19986963E-04
interf(100)%length =    2.14394499E-02
interf(100)%normal =  -0.999999225      -1.25488511E-03
